2000.199951 38.566399
2000.209961 20.020800
2000.400024 20.010401
2000.420044 5.314400
2000.520020 24.216801
2000.650024 0.731200
2001.250000 51.142399
2001.260010 8.276800
2001.290039 18.345600
2001.410034 24.053600
2001.420044 98.931198
2001.430054 100.608002
2001.439941 101.446404
2001.449951 100.608002
2001.459961 101.446404
2001.469971 100.608002
2001.479980 101.446404
2001.489990 100.608002
2001.500000 101.446404
2001.510010 100.608002
2001.520020 101.446404
2001.530029 100.608002
2001.540039 100.608002
2001.550049 129.787994
2001.560059 100.608002
2001.569946 100.608002
2001.579956 100.608002
2001.589966 100.608002
2001.599976 101.446404
2001.609985 100.608002
2001.619995 118.680801
2001.630005 100.608002
2001.640015 100.608002
2001.650024 100.608002
2001.660034 101.446404
2001.670044 100.608002
2001.680054 101.446404
2001.689941 100.608002
2001.699951 101.446404
2001.709961 100.608002
2001.719971 100.608002
2001.729980 101.446404
2001.739990 100.608002
2001.750000 101.446404
2001.760010 100.608002
2001.770020 101.446404
2001.780029 100.608002
2001.790039 101.446404
2001.800049 100.608002
2001.810059 101.446404
2001.819946 100.608002
2001.829956 101.446404
2001.839966 100.608002
2001.849976 101.446404
2001.859985 100.608002
2001.869995 101.446404
2001.880005 100.608002
2001.890015 101.446404
2001.900024 100.608002
2001.910034 101.446404
2001.920044 100.608002
2001.930054 101.446404
2001.939941 100.608002
2001.949951 101.446404
2001.959961 100.608002
2001.969971 101.446404
2001.979980 100.608002
2001.989990 100.843201
2002.000000 101.446404
2002.010010 100.608002
2002.020020 101.446404
2002.030029 100.608002
2002.040039 101.446404
2002.050049 100.608002
2002.060059 101.446404
2002.069946 100.608002
2002.079956 101.446404
2002.089966 100.608002
2002.099976 101.446404
2002.109985 100.608002
2002.119995 100.608002
2002.130005 101.446404
2002.140015 100.608002
2002.150024 101.446404
2002.160034 100.608002
2002.170044 101.446404
2002.180054 100.608002
2002.189941 101.446404
2002.199951 100.608002
2002.209961 101.446404
2002.219971 100.608002
2002.229980 101.279999
2002.239990 100.608002
2002.250000 101.446404
2002.260010 100.608002
2002.270020 101.446404
2002.280029 100.608002
2002.290039 101.446404
2002.300049 100.608002
2002.310059 101.446404
2002.319946 100.608002
2002.329956 101.446404
2002.339966 100.608002
2002.349976 101.446404
2002.359985 100.608002
2002.369995 101.446404
2002.380005 100.608002
2002.390015 101.446404
2002.400024 100.960800
2002.410034 100.608002
2002.420044 101.446404
2002.430054 100.608002
2002.439941 101.446404
2002.449951 100.608002
2002.459961 101.446404
2002.469971 100.608002
2002.479980 101.446404
2002.489990 100.608002
2002.500000 101.446404
2002.510010 100.608002
2002.520020 101.446404
2002.530029 100.608002
2002.540039 101.446404
2002.550049 100.608002
2002.560059 100.608002
2002.569946 101.446404
2002.579956 100.608002
2002.589966 101.446404
2002.599976 100.608002
2002.609985 101.446404
2002.619995 100.608002
2002.630005 101.446404
2002.640015 100.608002
2002.650024 101.446404
2002.660034 100.608002
2002.670044 101.446404
2002.680054 100.608002
2002.689941 101.446404
2002.699951 100.608002
2002.709961 101.446404
2002.719971 100.608002
2002.729980 101.446404
2002.739990 100.608002
2002.750000 101.446404
2002.760010 100.608002
2002.770020 101.446404
2002.780029 100.608002
2002.790039 101.446404
2002.800049 100.608002
2002.810059 101.446404
2002.819946 100.608002
2002.829956 100.608002
2002.839966 101.446404
2002.849976 100.608002
2002.859985 101.446404
2002.869995 100.608002
2002.880005 101.446404
2002.890015 100.608002
2002.900024 101.446404
2002.910034 100.608002
2002.920044 101.446404
2002.930054 100.608002
2002.939941 101.446404
2002.949951 100.608002
2002.959961 101.446404
2002.969971 100.608002
2002.979980 101.446404
2002.989990 100.608002
2003.000000 101.446404
2003.010010 100.608002
2003.020020 101.446404
2003.030029 100.608002
2003.040039 101.446404
2003.050049 100.608002
2003.060059 101.446404
2003.069946 100.608002
2003.079956 101.446404
2003.089966 100.608002
2003.099976 100.608002
2003.109985 101.446404
2003.119995 100.608002
2003.130005 101.446404
2003.140015 100.608002
2003.150024 98.092796
2003.160034 83.001602
2003.170044 81.324799
2003.180054 83.001602
2003.189941 82.163200
2003.199951 78.809601
2003.209961 79.648003
2003.219971 82.163200
2003.229980 83.001602
2003.239990 81.324799
2003.250000 81.324799
2003.260010 83.001602
2003.270020 82.163200
2003.280029 82.163200
2003.290039 83.001602
2003.300049 82.163200
2003.310059 82.163200
2003.319946 82.163200
2003.329956 83.001602
2003.339966 82.163200
2003.349976 83.001602
2003.359985 83.001602
2003.369995 83.001602
2003.380005 83.001602
2003.390015 82.163200
2003.400024 83.001602
2003.410034 83.001602
2003.420044 82.163200
2003.430054 83.001602
2003.439941 82.163200
2003.449951 83.001602
2003.459961 83.001602
2003.469971 83.001602
2003.479980 83.001602
2003.489990 100.608002
2003.500000 100.608002
2003.510010 101.446404
2003.520020 100.608002
2003.530029 101.446404
2003.540039 100.608002
2003.550049 101.446404
2003.560059 100.608002
2003.569946 101.446404
2003.579956 100.608002
2003.589966 101.446404
2003.599976 100.608002
2003.609985 101.446404
2003.619995 100.608002
2003.630005 101.446404
2003.640015 79.916801
2003.650024 33.535999
2003.660034 32.697601
2003.670044 33.535999
2003.680054 32.697601
2003.689941 33.535999
2003.699951 44.435200
2003.709961 49.465599
2003.719971 49.465599
2003.729980 49.465599
2003.739990 50.304001
2003.750000 49.465599
2003.760010 49.465599
2003.770020 49.465599
2003.780029 49.465599
2003.790039 50.304001
2003.800049 49.465599
2003.810059 50.304001
2003.819946 36.051201
2003.829956 33.535999
2003.839966 32.697601
2003.849976 33.535999
2003.859985 32.697601
2003.869995 33.535999
2003.880005 32.697601
2003.890015 33.535999
2003.900024 32.697601
2003.910034 33.535999
2003.920044 32.697601
2003.930054 33.535999
2003.939941 33.535999
2003.949951 33.535999
2003.959961 33.535999
2003.969971 34.374401
2003.979980 33.535999
2003.989990 33.535999
2004.000000 43.779202
2004.010010 33.535999
2004.020020 33.535999
2004.030029 33.535999
2004.040039 34.374401
2004.050049 33.535999
2004.060059 33.535999
2004.069946 33.535999
2004.079956 33.535999
2004.089966 33.535999
2004.099976 34.374401
2004.109985 33.535999
2004.119995 33.535999
2004.130005 32.697601
2004.140015 33.535999
2004.150024 33.535999
2004.160034 33.535999
2004.170044 33.535999
2004.180054 33.535999
2004.189941 33.535999
2004.199951 34.374401
2004.209961 33.535999
2004.219971 33.535999
2004.229980 33.535999
2004.239990 33.535999
2004.250000 75.456001
2004.260010 82.163200
2004.270020 80.486397
2004.280029 66.233597
2004.290039 65.395203
2004.300049 81.324799
2004.310059 98.092796
2004.319946 101.446404
2004.329956 100.608002
2004.339966 101.446404
2004.349976 100.608002
2004.359985 101.446404
2004.369995 100.608002
2004.380005 101.446404
2004.390015 100.608002
2004.400024 101.446404
2004.410034 100.608002
2004.420044 100.608002
2004.430054 101.446404
2004.439941 100.608002
2004.449951 101.446404
2004.459961 100.608002
2004.469971 101.446404
2004.479980 100.608002
2004.489990 101.446404
2004.500000 100.608002
2004.510010 101.446404
2004.520020 100.608002
2004.530029 101.446404
2004.540039 100.608002
2004.550049 101.446404
2004.560059 77.552002
2004.569946 33.535999
2004.579956 33.535999
2004.589966 33.535999
2004.599976 33.535999
2004.609985 33.535999
2004.619995 32.697601
2004.630005 24.313601
2004.640015 30.182400
2004.650024 131.628799
2004.660034 47.563999
2004.670044 32.697601
2004.680054 31.859200
2004.689941 31.859200
2004.699951 32.697601
2004.709961 31.859200
2004.719971 31.859200
2004.729980 31.859200
2004.739990 32.697601
2004.750000 31.859200
2004.760010 31.859200
2004.770020 32.697601
2004.780029 31.859200
2004.790039 33.535999
2004.800049 33.535999
2004.810059 33.535999
2004.819946 33.535999
2004.829956 34.374401
2004.839966 33.535999
2004.849976 33.535999
2004.859985 33.535999
2004.869995 33.535999
2004.880005 33.535999
2004.890015 33.535999
2004.900024 34.374401
2004.910034 33.535999
2004.920044 33.535999
2004.930054 33.535999
2004.939941 33.535999
2004.949951 34.374401
2004.959961 33.535999
2004.969971 33.535999
2004.979980 33.535999
2004.989990 33.535999
2005.000000 33.535999
2005.010010 33.535999
2005.020020 34.374401
2005.030029 33.535999
2005.040039 33.535999
2005.050049 33.535999
2005.060059 33.535999
2005.069946 33.535999
2005.079956 34.374401
2005.089966 33.535999
2005.099976 33.535999
2005.109985 33.535999
2005.119995 33.535999
2005.130005 33.535999
2005.140015 34.374401
2005.150024 33.535999
2005.160034 33.535999
2005.170044 33.535999
2005.180054 33.535999
2005.189941 33.535999
2005.199951 34.374401
2005.209961 33.535999
2005.219971 33.535999
2005.229980 31.859200
2005.239990 33.535999
2005.250000 34.374401
2005.260010 33.535999
2005.270020 33.535999
2005.280029 33.535999
2005.290039 33.535999
2005.300049 33.535999
2005.310059 51.980801
2005.319946 84.678398
2005.329956 83.839996
2005.339966 84.678398
2005.349976 83.839996
2005.359985 83.839996
2005.369995 84.678398
2005.380005 83.839996
2005.390015 84.678398
2005.400024 59.855999
2005.410034 33.535999
2005.420044 33.535999
2005.430054 33.535999
2005.439941 34.374401
2005.449951 33.535999
2005.459961 33.535999
2005.469971 33.535999
2005.479980 33.535999
2005.489990 33.535999
2005.500000 34.374401
2005.510010 33.535999
2005.520020 33.535999
2005.530029 33.535999
2005.540039 33.535999
2005.550049 33.535999
2005.560059 34.374401
2005.569946 33.535999
2005.579956 33.535999
2005.589966 33.535999
2005.599976 33.535999
2005.609985 33.535999
2005.619995 37.728001
2005.630005 62.041599
2005.640015 63.310398
2005.650024 50.304001
2005.660034 50.304001
2005.670044 50.304001
2005.680054 51.142399
2005.689941 50.304001
2005.699951 50.304001
2005.709961 50.304001
2005.719971 49.465599
2005.729980 50.304001
2005.739990 50.304001
2005.750000 50.304001
2005.760010 51.142399
2005.770020 50.304001
2005.780029 50.304001
2005.790039 50.304001
2005.800049 51.142399
2005.810059 50.304001
2005.819946 50.304001
2005.829956 50.304001
2005.839966 51.142399
2005.849976 67.526398
2005.859985 50.304001
2005.869995 50.304001
2005.880005 50.304001
2005.890015 51.142399
2005.900024 60.364799
2005.910034 101.446404
2005.920044 100.608002
2005.930054 101.446404
2005.939941 100.608002
2005.949951 101.446404
2005.959961 100.608002
2005.969971 101.446404
2005.979980 100.608002
2005.989990 101.446404
2006.000000 100.608002
2006.010010 101.446404
2006.020020 100.879204
2006.030029 100.608002
2006.040039 100.880798
2006.050049 101.446404
2006.060059 100.608002
2006.069946 101.446404
2006.079956 100.608002
2006.089966 101.446404
2006.099976 100.608002
2006.109985 100.918404
2006.119995 101.446404
2006.130005 100.608002
2006.140015 101.446404
2006.150024 100.608002
2006.160034 101.446404
2006.170044 100.608002
2006.180054 101.446404
2006.189941 100.608002
2006.199951 101.446404
2006.209961 100.608002
2006.219971 101.446404
2006.229980 100.608002
2006.239990 101.446404
2006.250000 100.608002
2006.260010 101.446404
2006.270020 100.608002
2006.280029 101.446404
2006.290039 100.608002
2006.300049 101.446404
2006.310059 100.608002
2006.319946 101.446404
2006.329956 100.608002
2006.339966 100.608002
2006.349976 101.446404
2006.359985 100.608002
2006.369995 101.446404
2006.380005 100.608002
2006.390015 101.446404
2006.400024 100.608002
2006.410034 101.446404
2006.420044 100.608002
2006.430054 101.446404
2006.439941 100.608002
2006.449951 101.446404
2006.459961 100.608002
2006.469971 101.446404
2006.479980 100.608002
2006.489990 101.446404
2006.500000 100.608002
2006.510010 101.446404
2006.520020 100.608002
2006.530029 101.446404
2006.540039 100.608002
2006.550049 101.446404
2006.560059 100.608002
2006.569946 101.446404
2006.579956 100.608002
2006.589966 101.446404
2006.599976 100.608002
2006.609985 100.608002
2006.619995 35.357601
2006.719971 62.041599
2006.729980 92.223999
2006.739990 68.748802
2006.750000 65.395203
2006.760010 33.922401
2006.859985 13.414400
2006.869995 33.535999
2006.880005 7.004000
2006.890015 1.676800
2006.900024 15.555200
2007.040039 3.901600
2007.260010 26.828800
2007.270020 98.931198
2007.280029 77.511200
2007.439941 16.768000
2007.449951 46.032001
2007.520020 68.748802
2007.530029 82.163200
2007.540039 50.304001
2007.550049 49.465599
2007.560059 27.667200
2007.569946 25.152000
2007.579956 3.228800
2007.650024 5.868800
2007.660034 30.107201
2007.829956 51.980801
2007.839966 101.446404
2007.849976 100.608002
2007.859985 101.446404
2007.869995 100.608002
2007.880005 101.446404
2007.890015 31.612000
2007.920044 7.545600
2007.930054 101.446404
2007.939941 100.608002
2007.949951 101.446404
2007.959961 100.608002
2007.969971 68.966400
2008.079956 76.294403
2008.089966 100.608002
2008.099976 16.038401
2008.109985 50.774399
2008.119995 13.820800
2008.140015 7.659200
2008.890015 8.384000
2008.900024 41.919998
2008.910034 41.081600
2008.920044 60.364799
2008.930054 84.678398
2008.939941 80.486397
2008.949951 68.748802
2008.959961 84.678398
2008.969971 79.648003
2008.979980 69.587196
2008.989990 79.648003
2009.000000 47.788799
2009.010010 56.172798
2009.020020 72.940804
2009.030029 72.940804
2009.040039 77.132797
2009.050049 69.587196
2009.060059 77.132797
2009.069946 70.425598
2009.079956 74.617599
2009.089966 74.617599
2009.099976 32.173599
2009.219971 49.465599
2009.229980 63.718399
2009.239990 71.264000
2009.250000 97.254402
2009.260010 98.092796
2009.270020 97.254402
2009.280029 96.416000
2009.290039 98.092796
2009.300049 97.254402
2009.310059 97.254402
2009.319946 96.416000
2009.329956 98.092796
2009.339966 97.254402
2009.349976 96.416000
2009.359985 100.608002
2009.369995 80.960800
