2000.000000 101.446404
2000.010010 36.051201
2000.260010 0.838400
2000.339966 0.838400
2000.430054 0.838400
2000.510010 0.838400
2000.599976 0.838400
2000.680054 0.838400
2000.760010 0.838400
2000.849976 0.838400
2000.930054 0.838400
2001.010010 0.838400
2001.099976 33.535999
2001.109985 48.627201
2001.119995 13.414400
2001.130005 10.899200
2001.140015 10.899200
2001.150024 10.899200
2001.160034 9.222400
2001.170044 10.060800
2001.180054 11.737600
2001.189941 8.384000
2001.199951 2.515200
2001.209961 5.868800
2001.219971 6.707200
2001.229980 8.384000
2001.239990 5.868800
2001.250000 5.868800
2001.260010 1.676800
2001.270020 2.515200
2001.280029 1.676800
2001.290039 1.676800
2001.300049 1.676800
2001.310059 0.838400
2001.319946 1.676800
2001.329956 3.353600
2001.339966 6.707200
2001.349976 9.222400
2001.359985 3.353600
2001.369995 3.353600
2001.380005 1.676800
2001.390015 0.838400
2001.400024 1.676800
2001.410034 2.515200
2001.420044 1.676800
2001.430054 0.838400
2001.439941 9.222400
2001.449951 8.384000
2001.459961 3.353600
2001.469971 3.353600
2001.479980 1.676800
2001.489990 1.676800
2001.500000 2.515200
2001.510010 1.676800
2001.520020 2.515200
2001.530029 7.545600
2001.540039 6.707200
2001.550049 4.192000
2001.560059 2.515200
2001.569946 1.676800
2001.579956 2.515200
2001.589966 1.676800
2001.599976 4.192000
2001.609985 9.222400
2001.619995 4.192000
2001.630005 3.353600
2001.640015 2.515200
2001.650024 2.515200
2001.660034 1.676800
2001.670044 3.353600
2001.680054 7.545600
2001.689941 5.868800
2001.699951 3.353600
2001.709961 1.676800
2001.719971 4.192000
2001.739990 5.030400
2001.750000 10.060800
2001.760010 3.353600
2001.770020 1.676800
2001.780029 5.030400
2001.790039 0.838400
2001.800049 5.030400
2001.810059 8.384000
2001.819946 4.192000
2001.829956 2.515200
2001.839966 2.515200
2001.849976 3.353600
2001.859985 5.030400
2001.869995 7.545600
2001.880005 5.030400
2001.890015 2.515200
2001.900024 3.353600
2001.910034 3.353600
2001.920044 4.192000
2001.930054 9.222400
2001.939941 3.353600
2001.949951 1.676800
2001.959961 5.030400
2001.969971 4.192000
2001.979980 4.192000
2001.989990 7.545600
2002.000000 3.353600
2002.010010 2.515200
2002.020020 4.192000
2002.030029 5.030400
2002.040039 7.545600
2002.050049 3.353600
2002.060059 2.515200
2002.069946 5.030400
2002.079956 4.192000
2002.089966 5.868800
2002.099976 5.868800
2002.109985 2.515200
2002.119995 1.676800
2002.130005 6.707200
2002.140015 4.192000
2002.150024 6.707200
2002.160034 2.515200
2002.170044 3.353600
2002.180054 5.030400
2002.189941 5.868800
2002.199951 6.707200
2002.209961 2.515200
2002.219971 2.515200
2002.229980 5.030400
2002.239990 6.707200
2002.250000 5.868800
2002.260010 2.515200
2002.270020 2.515200
2002.280029 5.030400
2002.290039 6.707200
2002.300049 5.868800
2002.310059 2.515200
2002.319946 2.515200
2002.329956 5.030400
2002.339966 5.868800
2002.349976 5.868800
2002.359985 2.515200
2002.369995 3.353600
2002.380005 4.192000
2002.390015 5.868800
2002.400024 7.545600
2002.410034 2.515200
2002.420044 1.676800
2002.430054 5.030400
2002.439941 6.707200
2002.449951 5.868800
2002.459961 2.515200
2002.469971 1.676800
2002.479980 6.707200
2002.489990 7.545600
2002.500000 4.192000
2002.510010 1.676800
2002.520020 4.192000
2002.530029 5.030400
2002.540039 8.384000
2002.550049 3.353600
2002.560059 1.676800
2002.569946 5.030400
2002.579956 5.030400
2002.589966 7.545600
2002.599976 3.353600
2002.609985 1.676800
2002.619995 5.868800
2002.630005 5.868800
2002.640015 6.707200
2002.650024 1.676800
2002.660034 4.192000
2002.670044 4.192000
2002.680054 8.384000
2002.689941 3.353600
2002.699951 2.515200
2002.709961 4.192000
2002.719971 5.030400
2002.729980 7.545600
2002.739990 2.515200
2002.750000 3.353600
2002.760010 4.192000
2002.770020 6.707200
2002.780029 5.030400
2002.790039 2.515200
2002.800049 5.030400
2002.810059 3.353600
2002.819946 7.545600
2002.829956 4.192000
2002.839966 1.676800
2002.849976 5.030400
2002.859985 4.192000
2002.869995 6.707200
2002.880005 2.515200
2002.890015 5.030400
2002.900024 3.353600
2002.910034 7.545600
2002.920044 3.353600
2002.930054 2.515200
2002.939941 5.030400
2002.949951 4.192000
2002.959961 6.707200
2002.969971 2.515200
2002.979980 5.030400
2002.989990 3.353600
2003.000000 7.545600
2003.010010 3.353600
2003.020020 2.515200
2003.030029 5.030400
2003.040039 5.868800
2003.050049 5.030400
2003.060059 2.515200
2003.069946 5.030400
2003.079956 4.192000
2003.089966 6.707200
2003.099976 4.192000
2003.109985 1.676800
2003.119995 5.030400
2003.130005 7.545600
2003.140015 4.192000
2003.150024 1.676800
2003.160034 5.030400
2003.170044 5.030400
2003.180054 7.545600
2003.189941 2.515200
2003.199951 1.676800
2003.209961 5.868800
2003.219971 8.384000
2003.229980 2.515200
2003.239990 3.353600
2003.250000 3.353600
2003.260010 5.868800
2003.270020 6.707200
2003.280029 2.515200
2003.290039 4.192000
2003.300049 4.192000
2003.310059 7.545600
2003.319946 4.192000
2003.329956 1.676800
2003.339966 5.868800
2003.349976 6.707200
2003.359985 4.192000
2003.369995 3.353600
2003.380005 3.353600
2003.390015 5.030400
2003.400024 7.545600
2003.410034 2.515200
2003.420044 4.192000
2003.430054 4.192000
2003.439941 7.545600
2003.449951 4.192000
2003.459961 1.676800
2003.469971 5.868800
2003.479980 6.707200
2003.489990 4.192000
2003.500000 3.353600
2003.510010 3.353600
2003.520020 5.030400
2003.530029 7.545600
2003.540039 2.515200
2003.550049 5.030400
2003.560059 3.353600
2003.569946 7.545600
2003.579956 4.192000
2003.589966 3.353600
2003.599976 4.192000
2003.609985 8.384000
2003.619995 3.353600
2003.630005 2.515200
2003.640015 5.868800
2003.650024 5.030400
2003.660034 5.868800
2003.670044 2.515200
2003.680054 4.192000
2003.689941 5.030400
2003.699951 7.545600
2003.709961 2.515200
2003.719971 5.030400
2003.729980 4.192000
2003.739990 6.707200
2003.750000 4.192000
2003.760010 3.353600
2003.770020 4.192000
2003.780029 8.384000
2003.790039 2.515200
2003.800049 2.515200
2003.810059 5.868800
2003.819946 6.707200
2003.829956 3.353600
2003.839966 3.353600
2003.849976 3.353600
2003.859985 6.707200
2003.869995 5.868800
2003.880005 1.676800
2003.890015 5.030400
2003.900024 5.030400
2003.910034 6.707200
2003.920044 2.515200
2003.930054 4.192000
2003.939941 4.192000
2003.949951 7.545600
2003.959961 3.353600
2003.969971 2.515200
2003.979980 5.030400
2003.989990 8.384000
2004.000000 3.353600
2004.010010 1.676800
2004.020020 5.868800
2004.030029 6.707200
2004.040039 3.353600
2004.050049 3.353600
2004.060059 4.192000
2004.069946 6.707200
2004.079956 5.030400
2004.089966 3.353600
2004.099976 3.353600
2004.109985 5.030400
2004.119995 6.707200
2004.130005 2.515200
2004.140015 5.030400
2004.150024 4.192000
2004.160034 7.545600
2004.170044 2.515200
2004.180054 4.192000
2004.189941 4.192000
2004.199951 7.545600
2004.209961 3.353600
2004.219971 3.353600
2004.229980 4.192000
2004.239990 8.384000
2004.250000 3.353600
2004.260010 1.676800
2004.270020 5.868800
2004.280029 7.545600
2004.290039 2.515200
2004.300049 3.353600
2004.310059 5.868800
2004.319946 5.868800
2004.329956 4.192000
2004.339966 3.353600
2004.349976 4.192000
2004.359985 5.868800
2004.369995 5.868800
2004.380005 2.515200
2004.390015 4.192000
2004.400024 5.868800
2004.410034 5.868800
2004.420044 2.515200
2004.430054 5.030400
2004.439941 5.030400
2004.449951 6.707200
2004.459961 2.515200
2004.469971 5.030400
2004.479980 4.192000
2004.489990 7.545600
2004.500000 2.515200
2004.510010 4.192000
2004.520020 4.192000
2004.530029 7.545600
2004.540039 3.353600
2004.550049 4.192000
2004.560059 4.192000
2004.569946 7.545600
2004.579956 3.353600
2004.589966 3.353600
2004.599976 4.192000
2004.609985 8.384000
2004.619995 3.353600
2004.630005 1.676800
2004.640015 5.868800
2004.650024 8.384000
2004.660034 2.515200
2004.670044 2.515200
2004.680054 5.868800
2004.689941 6.707200
2004.699951 3.353600
2004.709961 3.353600
2004.719971 5.868800
2004.729980 5.868800
2004.739990 4.192000
2004.750000 3.353600
2004.760010 5.030400
2004.770020 5.868800
2004.780029 5.030400
2004.790039 3.353600
2004.800049 5.030400
2004.810059 5.868800
2004.819946 5.030400
2004.829956 3.353600
2004.839966 4.192000
2004.849976 5.868800
2004.859985 5.868800
2004.869995 2.515200
2004.880005 4.192000
2004.890015 5.868800
2004.900024 6.707200
2004.910034 2.515200
2004.920044 4.192000
2004.930054 5.868800
2004.939941 5.868800
2004.949951 2.515200
2004.959961 5.030400
2004.969971 5.030400
2004.979980 6.707200
2004.989990 2.515200
2005.000000 5.030400
2005.010010 5.030400
2005.020020 6.707200
2005.030029 2.515200
2005.040039 5.030400
2005.050049 5.030400
2005.060059 6.707200
2005.069946 2.515200
2005.079956 5.030400
2005.089966 5.030400
2005.099976 6.707200
2005.109985 2.515200
2005.119995 5.030400
2005.130005 5.030400
2005.140015 6.707200
2005.150024 2.515200
2005.160034 5.030400
2005.170044 5.030400
2005.180054 6.707200
2005.189941 2.515200
2005.199951 5.030400
2005.209961 4.192000
2005.219971 7.545600
2005.229980 2.515200
2005.239990 5.030400
2005.250000 4.192000
2005.260010 7.545600
2005.270020 2.515200
2005.280029 5.030400
2005.290039 4.192000
2005.300049 7.545600
2005.310059 2.515200
2005.319946 5.030400
2005.329956 4.192000
2005.339966 7.545600
2005.349976 2.515200
2005.359985 3.353600
2005.369995 5.030400
2005.380005 7.545600
2005.390015 3.353600
2005.400024 1.676800
2005.410034 5.868800
2005.420044 7.545600
2005.430054 2.515200
2005.439941 3.353600
2005.449951 3.353600
2005.459961 5.868800
2005.469971 6.707200
2005.479980 1.676800
2005.489990 5.030400
2005.500000 4.192000
2005.510010 6.707200
2005.520020 2.515200
2005.530029 3.353600
2005.540039 5.030400
2005.550049 7.545600
2005.560059 2.515200
2005.569946 1.676800
2005.579956 5.868800
2005.589966 7.545600
2005.599976 3.353600
2005.609985 1.676800
2005.619995 5.030400
2005.630005 6.707200
2005.640015 4.192000
2005.650024 2.515200
2005.660034 3.353600
2005.670044 5.868800
2005.680054 5.868800
2005.689941 1.676800
2005.699951 5.030400
2005.709961 4.192000
2005.719971 6.707200
2005.729980 2.515200
2005.739990 4.192000
2005.750000 4.192000
2005.760010 7.545600
2005.770020 2.515200
2005.780029 3.353600
2005.790039 4.192000
2005.800049 7.545600
2005.810059 3.353600
2005.819946 1.676800
2005.829956 5.868800
2005.839966 6.707200
2005.849976 4.192000
2005.859985 1.676800
2005.869995 5.030400
2005.880005 5.030400
2005.890015 5.030400
2005.900024 3.353600
2005.910034 3.353600
2005.920044 5.030400
2005.930054 6.707200
2005.939941 1.676800
2005.949951 5.030400
2005.959961 4.192000
2005.969971 6.707200
2005.979980 2.515200
2005.989990 4.192000
2006.000000 4.192000
2006.010010 7.545600
2006.020020 2.515200
2006.030029 3.353600
2006.040039 5.030400
2006.050049 7.545600
2006.060059 2.515200
2006.069946 2.515200
2006.079956 5.030400
2006.089966 7.545600
2006.099976 3.353600
2006.109985 1.676800
2006.119995 5.868800
2006.130005 7.545600
2006.140015 3.353600
2006.150024 1.676800
2006.160034 5.868800
2006.170044 5.868800
2006.180054 4.192000
2006.189941 2.515200
2006.199951 4.192000
2006.209961 5.868800
2006.219971 5.030400
2006.229980 2.515200
2006.239990 4.192000
2006.250000 5.868800
2006.260010 5.868800
2006.270020 1.676800
2006.280029 5.030400
2006.290039 4.192000
2006.300049 7.545600
2006.310059 1.676800
2006.319946 5.030400
2006.329956 4.192000
2006.339966 6.707200
2006.349976 2.515200
2006.359985 4.192000
2006.369995 4.192000
2006.380005 7.545600
2006.390015 2.515200
2006.400024 3.353600
2006.410034 5.030400
2006.420044 7.545600
2006.430054 2.515200
2006.439941 2.515200
2006.449951 5.030400
2006.459961 7.545600
2006.469971 3.353600
2006.479980 1.676800
2006.489990 5.868800
2006.500000 7.545600
2006.510010 3.353600
2006.520020 1.676800
2006.530029 5.868800
2006.540039 6.707200
2006.550049 4.192000
2006.560059 1.676800
2006.569946 5.868800
2006.579956 5.868800
2006.589966 4.192000
2006.599976 2.515200
2006.609985 5.030400
2006.619995 5.868800
2006.630005 5.030400
2006.640015 2.515200
2006.650024 4.192000
2006.660034 5.868800
2006.670044 5.030400
2006.680054 3.353600
2006.689941 4.192000
2006.699951 5.868800
2006.709961 5.030400
2006.719971 2.515200
2006.729980 4.192000
2006.739990 5.868800
2006.750000 5.868800
2006.760010 1.676800
2006.770020 5.030400
2006.780029 5.030400
2006.790039 6.707200
2006.800049 1.676800
2006.810059 5.030400
2006.819946 5.030400
2006.829956 6.707200
2006.839966 1.676800
2006.849976 5.030400
2006.859985 4.192000
2006.869995 7.545600
2006.880005 1.676800
2006.890015 3.353600
2006.900024 5.030400
2006.910034 7.545600
2006.920044 2.515200
2006.930054 1.676800
2006.939941 5.868800
2006.949951 7.545600
2006.959961 3.353600
2006.969971 1.676800
2006.979980 4.192000
2006.989990 6.707200
2007.000000 5.030400
2007.010010 0.838400
2007.020020 5.030400
2007.030029 5.030400
2007.040039 6.707200
2007.050049 1.676800
2007.060059 3.353600
2007.069946 5.030400
2007.079956 7.545600
2007.089966 2.515200
2007.099976 1.676800
2007.109985 5.868800
2007.119995 7.545600
2007.130005 3.353600
2007.140015 1.676800
2007.150024 5.030400
2007.160034 7.545600
2007.170044 4.192000
2007.180054 0.838400
2007.189941 4.192000
2007.199951 6.707200
2007.209961 4.192000
2007.219971 1.676800
2007.229980 4.192000
2007.239990 5.030400
2007.250000 6.707200
2007.260010 1.676800
2007.270020 3.353600
2007.280029 5.030400
2007.290039 6.707200
2007.300049 2.515200
2007.310059 1.676800
2007.319946 5.868800
2007.329956 6.707200
2007.339966 3.353600
2007.349976 1.676800
2007.359985 5.868800
2007.369995 6.707200
2007.380005 3.353600
2007.390015 1.676800
2007.400024 4.192000
2007.410034 6.707200
2007.420044 4.192000
2007.430054 1.676800
2007.439941 4.192000
2007.449951 5.868800
2007.459961 5.030400
2007.469971 1.676800
2007.479980 5.030400
2007.489990 4.192000
2007.500000 6.707200
2007.510010 1.676800
2007.520020 4.192000
2007.530029 5.030400
2007.540039 5.868800
2007.550049 2.515200
2007.560059 3.353600
2007.569946 5.030400
2007.579956 6.707200
2007.589966 2.515200
2007.599976 2.515200
2007.609985 5.868800
2007.619995 6.707200
2007.630005 2.515200
2007.640015 1.676800
2007.650024 6.707200
2007.660034 6.707200
2007.670044 2.515200
2007.680054 1.676800
2007.689941 5.868800
2007.699951 6.707200
2007.709961 3.353600
2007.719971 1.676800
2007.729980 5.868800
2007.739990 6.707200
2007.750000 3.353600
2007.760010 1.676800
2007.770020 5.868800
2007.780029 6.707200
2007.790039 3.353600
2007.800049 1.676800
2007.810059 5.030400
2007.819946 6.707200
2007.829956 4.192000
2007.839966 1.676800
2007.849976 4.192000
2007.859985 6.707200
2007.869995 5.030400
2007.880005 1.676800
2007.890015 4.192000
2007.900024 6.707200
2007.910034 5.030400
2007.920044 1.676800
2007.930054 3.353600
2007.939941 6.707200
2007.949951 5.030400
2007.959961 1.676800
2007.969971 4.192000
2007.979980 5.868800
2007.989990 5.868800
2008.000000 1.676800
2008.010010 4.192000
2008.020020 5.868800
2008.030029 5.030400
2008.040039 1.676800
2008.050049 4.192000
2008.060059 5.868800
2008.069946 5.030400
2008.079956 1.676800
2008.089966 4.192000
2008.099976 5.030400
2008.109985 5.868800
2008.119995 1.676800
2008.130005 4.192000
2008.140015 5.030400
2008.150024 5.868800
2008.160034 1.676800
2008.170044 4.192000
2008.180054 5.030400
2008.189941 5.868800
2008.199951 1.676800
2008.209961 4.192000
2008.219971 5.030400
2008.229980 5.868800
2008.239990 1.676800
2008.250000 4.192000
2008.260010 5.030400
2008.270020 5.868800
2008.280029 1.676800
2008.290039 4.192000
2008.300049 5.030400
2008.310059 5.868800
2008.319946 1.676800
2008.329956 4.192000
2008.339966 5.030400
2008.349976 5.868800
2008.359985 1.676800
2008.369995 4.192000
2008.380005 5.030400
2008.390015 5.868800
2008.400024 1.676800
2008.410034 4.192000
2008.420044 5.030400
2008.430054 5.868800
2008.439941 1.676800
2008.449951 4.192000
2008.459961 5.868800
2008.469971 5.030400
2008.479980 1.676800
2008.489990 4.192000
2008.500000 5.868800
2008.510010 5.868800
2008.520020 0.838400
2008.530029 4.192000
2008.540039 6.707200
2008.550049 5.030400
2008.560059 0.838400
2008.569946 4.192000
2008.579956 6.707200
2008.589966 5.868800
2008.599976 0.838400
2008.609985 4.192000
2008.619995 6.707200
2008.630005 5.030400
2008.640015 0.838400
2008.650024 4.192000
2008.660034 6.707200
2008.670044 5.030400
2008.680054 0.838400
2008.689941 5.030400
2008.699951 6.707200
2008.709961 4.192000
2008.719971 0.838400
2008.729980 5.868800
2008.739990 6.707200
2008.750000 3.353600
2008.760010 0.838400
2008.770020 5.868800
2008.780029 6.707200
2008.790039 3.353600
2008.800049 0.838400
2008.810059 5.868800
2008.819946 6.707200
2008.829956 3.353600
2008.839966 0.838400
2008.849976 5.868800
2008.859985 6.707200
2008.869995 3.353600
2008.880005 0.838400
2008.890015 6.707200
2008.900024 6.707200
2008.910034 2.515200
2008.920044 0.838400
2008.930054 6.707200
2008.939941 6.707200
2008.949951 2.515200
2008.959961 1.676800
2008.969971 5.868800
2008.979980 6.707200
2008.989990 2.515200
2009.000000 0.838400
2009.010010 5.868800
2009.020020 6.707200
2009.030029 3.353600
2009.040039 0.838400
2009.050049 4.192000
2009.060059 4.192000
2009.069946 5.868800
2009.079956 1.676800
2009.089966 3.353600
2009.099976 4.192000
2009.109985 6.707200
2009.119995 2.515200
2009.130005 0.838400
2009.140015 5.868800
2009.150024 5.030400
2009.160034 5.030400
2009.170044 0.838400
2009.180054 3.353600
2009.189941 5.030400
2009.199951 5.868800
2009.209961 1.676800
2009.219971 3.353600
2009.229980 4.192000
2009.239990 6.707200
2009.250000 2.515200
2009.260010 0.838400
2009.270020 5.868800
2009.280029 5.868800
2009.290039 4.192000
2009.300049 0.838400
2009.310059 4.192000
2009.319946 5.030400
2009.329956 5.030400
2009.339966 1.676800
2009.349976 4.192000
2009.359985 4.192000
2009.369995 5.868800
2009.380005 2.515200
2009.390015 3.353600
2009.400024 4.192000
2009.410034 5.868800
2009.420044 3.353600
2009.430054 0.838400
2009.439941 5.868800
2009.449951 5.030400
2009.459961 5.030400
2009.469971 0.838400
2009.479980 5.868800
2009.489990 3.353600
2009.500000 5.030400
2009.510010 1.676800
2009.520020 4.192000
2009.530029 5.030400
2009.540039 5.030400
2009.550049 2.515200
2009.560059 3.353600
2009.569946 5.030400
2009.579956 5.868800
2009.589966 2.515200
2009.599976 1.676800
2009.609985 5.868800
2009.619995 5.868800
2009.630005 3.353600
2009.640015 0.838400
2009.650024 5.868800
2009.660034 5.030400
2009.670044 4.192000
2009.680054 1.676800
2009.689941 4.192000
2009.699951 5.030400
2009.709961 5.030400
2009.719971 1.676800
2009.729980 4.192000
2009.739990 4.192000
2009.750000 5.868800
2009.760010 2.515200
2009.770020 3.353600
2009.780029 4.192000
2009.790039 6.707200
2009.800049 2.515200
2009.810059 0.838400
2009.819946 6.707200
2009.829956 5.868800
2009.839966 3.353600
2009.849976 0.838400
2009.859985 5.868800
2009.869995 5.030400
2009.880005 5.030400
2009.890015 0.838400
2009.900024 5.030400
2009.910034 5.030400
2009.920044 5.030400
2009.930054 0.838400
2009.939941 4.192000
2009.949951 5.030400
2009.959961 5.868800
2009.969971 1.676800
2009.979980 4.192000
2009.989990 4.192000
2010.000000 5.868800
2010.010010 2.515200
2010.020020 3.353600
2010.030029 4.192000
2010.040039 6.707200
2010.050049 2.515200
2010.060059 2.515200
2010.069946 5.030400
2010.079956 5.868800
2010.089966 3.353600
2010.099976 0.838400
2010.109985 5.868800
2010.119995 6.707200
2010.130005 3.353600
2010.140015 0.838400
2010.150024 5.868800
2010.160034 5.030400
2010.170044 5.030400
2010.180054 0.838400
2010.189941 5.030400
2010.199951 5.030400
2010.209961 4.192000
2010.219971 1.676800
2010.229980 5.030400
2010.239990 5.030400
2010.250000 5.030400
2010.260010 1.676800
2010.270020 4.192000
2010.280029 4.192000
2010.290039 5.868800
2010.300049 2.515200
2010.310059 1.676800
2010.319946 5.868800
2010.329956 5.868800
2010.339966 3.353600
2010.349976 0.838400
2010.359985 5.868800
2010.369995 5.030400
2010.380005 5.030400
2010.390015 0.838400
2010.400024 3.353600
2010.410034 5.030400
2010.420044 5.868800
2010.430054 1.676800
2010.439941 4.192000
2010.449951 3.353600
2010.459961 6.707200
2010.469971 2.515200
2010.479980 1.676800
2010.489990 5.030400
2010.500000 5.868800
2010.510010 4.192000
2010.520020 0.838400
2010.530029 5.030400
2010.540039 4.192000
2010.550049 5.030400
2010.560059 1.676800
2010.569946 4.192000
2010.579956 4.192000
2010.589966 5.868800
2010.599976 2.515200
2010.609985 4.192000
2010.619995 3.353600
2010.630005 6.707200
2010.640015 2.515200
2010.650024 0.838400
2010.660034 6.707200
2010.670044 5.868800
2010.680054 3.353600
2010.689941 0.838400
2010.699951 5.868800
2010.709961 5.030400
2010.719971 3.353600
2010.729980 1.676800
2010.739990 5.030400
2010.750000 4.192000
2010.760010 5.868800
2010.770020 1.676800
2010.780029 4.192000
2010.790039 4.192000
2010.800049 5.868800
2010.810059 2.515200
2010.819946 1.676800
2010.829956 5.868800
2010.839966 5.868800
2010.849976 3.353600
2010.859985 0.838400
2010.869995 5.868800
2010.880005 5.868800
2010.890015 4.192000
2010.900024 0.838400
2010.910034 4.192000
2010.920044 5.868800
2010.930054 4.192000
2010.939941 1.676800
2010.949951 4.192000
2010.959961 4.192000
2010.969971 6.707200
2010.979980 1.676800
2010.989990 3.353600
2011.000000 4.192000
2011.010010 6.707200
2011.020020 2.515200
2011.030029 2.515200
2011.040039 5.030400
2011.050049 5.030400
2011.060059 3.353600
2011.069946 0.838400
2011.079956 5.868800
2011.089966 5.868800
2011.099976 3.353600
2011.109985 0.838400
2011.119995 5.868800
2011.130005 4.192000
2011.140015 5.030400
2011.150024 0.838400
2011.160034 4.192000
2011.170044 4.192000
2011.180054 5.030400
2011.189941 1.676800
2011.199951 4.192000
2011.209961 4.192000
2011.219971 5.868800
2011.229980 1.676800
2011.239990 4.192000
2011.250000 4.192000
2011.260010 5.030400
2011.270020 2.515200
2011.280029 4.192000
2011.290039 3.353600
2011.300049 5.868800
2011.310059 2.515200
2011.319946 3.353600
2011.329956 4.192000
2011.339966 5.868800
2011.349976 2.515200
2011.359985 1.676800
2011.369995 5.868800
2011.380005 5.030400
2011.390015 3.353600
2011.400024 0.838400
2011.410034 6.707200
2011.420044 5.030400
2011.430054 3.353600
2011.439941 0.838400
2011.449951 5.868800
2011.459961 5.868800
2011.469971 3.353600
2011.479980 0.838400
2011.489990 5.868800
2011.500000 5.868800
2011.510010 3.353600
2011.520020 0.838400
2011.530029 5.868800
2011.540039 5.030400
2011.550049 4.192000
2011.560059 0.838400
2011.569946 5.868800
2011.579956 4.192000
2011.589966 5.030400
2011.599976 0.838400
2011.609985 5.030400
2011.619995 5.030400
2011.630005 5.030400
2011.640015 0.838400
2011.650024 5.030400
2011.660034 5.030400
2011.670044 4.192000
2011.680054 1.676800
2011.689941 5.030400
2011.699951 4.192000
2011.709961 5.030400
2011.719971 1.676800
2011.729980 4.192000
2011.739990 5.030400
2011.750000 5.030400
2011.760010 1.676800
2011.770020 4.192000
2011.780029 4.192000
2011.790039 5.868800
2011.800049 0.838400
2011.810059 5.030400
2011.819946 4.192000
2011.829956 5.030400
2011.839966 1.676800
2011.849976 5.030400
2011.859985 4.192000
2011.869995 5.030400
2011.880005 1.676800
2011.890015 5.030400
2011.900024 4.192000
2011.910034 5.030400
2011.920044 1.676800
2011.930054 5.030400
2011.939941 4.192000
2011.949951 5.030400
2011.959961 1.676800
2011.969971 5.030400
2011.979980 4.192000
2011.989990 5.030400
2012.000000 1.676800
2012.010010 4.192000
2012.020020 5.030400
2012.030029 5.030400
2012.040039 1.676800
2012.050049 4.192000
2012.060059 4.192000
2012.069946 5.868800
2012.079956 1.676800
2012.089966 4.192000
2012.099976 4.192000
2012.109985 5.868800
2012.119995 1.676800
2012.130005 4.192000
2012.140015 4.192000
2012.150024 5.030400
2012.160034 18.444799
2012.170044 12.576000
2012.180054 3.353600
2012.189941 5.868800
2012.199951 10.060800
2012.209961 17.606400
2012.219971 5.868800
2012.229980 3.353600
2012.239990 5.030400
2012.250000 21.798401
2012.260010 7.545600
2012.270020 4.192000
2012.280029 5.030400
2012.290039 13.414400
2012.300049 14.252800
2012.310059 6.707200
2012.319946 3.353600
2012.329956 6.707200
2012.339966 22.636801
2012.349976 4.192000
2012.359985 3.353600
2012.369995 5.030400
2012.380005 18.444799
2012.390015 10.899200
2012.400024 4.192000
2012.410034 5.030400
2012.420044 10.060800
2012.430054 18.444799
2012.439941 5.030400
2012.449951 4.192000
2012.459961 4.192000
2012.469971 22.636801
2012.479980 5.030400
2012.489990 4.192000
2012.500000 5.030400
2012.510010 15.929600
2012.520020 11.737600
2012.530029 5.030400
2012.540039 5.030400
2012.550049 10.060800
2012.560059 17.606400
2012.569946 5.030400
2012.579956 3.353600
2012.589966 4.192000
2012.599976 22.636801
2012.609985 5.868800
2012.619995 2.515200
2012.630005 4.192000
2012.640015 17.606400
2012.650024 10.899200
2012.660034 3.353600
2012.670044 5.030400
2012.680054 11.737600
2012.689941 15.091200
2012.699951 5.030400
2012.709961 4.192000
2012.719971 5.868800
2012.729980 20.959999
2012.739990 5.030400
2012.750000 2.515200
2012.760010 4.192000
2012.770020 21.798401
2012.780029 6.707200
2012.790039 3.353600
2012.800049 4.192000
2012.810059 16.768000
2012.819946 10.060800
2012.829956 4.192000
2012.839966 5.030400
2012.849976 11.737600
2012.859985 14.252800
2012.869995 5.030400
2012.880005 4.192000
2012.890015 6.707200
2012.900024 20.121599
2012.910034 5.030400
2012.920044 2.515200
2012.930054 4.192000
2012.939941 23.475201
2012.949951 3.353600
2012.959961 2.515200
2012.969971 5.030400
2012.979980 20.121599
2012.989990 6.707200
2013.000000 3.353600
2013.010010 4.192000
2013.020020 16.768000
2013.030029 10.060800
2013.040039 3.353600
2013.050049 5.030400
2013.060059 12.576000
2013.069946 13.414400
2013.079956 4.192000
2013.089966 5.030400
2013.099976 7.545600
2013.109985 17.606400
2013.119995 4.192000
2013.130005 3.353600
2013.140015 5.868800
2013.150024 20.959999
2013.160034 4.192000
2013.170044 3.353600
2013.180054 3.353600
2013.189941 23.475201
2013.199951 3.353600
2013.209961 3.353600
2013.219971 3.353600
2013.229980 21.798401
2013.239990 3.353600
2013.250000 4.192000
2013.260010 3.353600
2013.270020 20.121599
2013.280029 5.868800
2013.290039 3.353600
2013.300049 4.192000
2013.310059 16.768000
2013.319946 8.384000
2013.329956 3.353600
2013.339966 4.192000
2013.349976 15.091200
2013.359985 9.222400
2013.369995 4.192000
2013.380005 4.192000
2013.390015 13.414400
2013.400024 10.899200
2013.410034 3.353600
2013.420044 5.030400
2013.430054 11.737600
2013.439941 11.737600
2013.449951 4.192000
2013.459961 5.030400
2013.469971 6.707200
2013.479980 15.929600
2013.489990 4.192000
2013.500000 4.192000
2013.510010 2.515200
2013.520020 20.121599
2013.530029 4.192000
2013.540039 2.515200
2013.550049 3.353600
2013.560059 14.252800
2013.569946 10.060800
2013.579956 3.353600
2013.589966 4.192000
2013.599976 9.222400
2013.609985 13.414400
2013.619995 4.192000
2013.630005 5.030400
2013.640015 5.030400
2013.650024 17.606400
2013.660034 4.192000
2013.670044 3.353600
2013.680054 3.353600
2013.689941 18.444799
2013.699951 5.868800
2013.709961 2.515200
2013.719971 3.353600
2013.729980 14.252800
2013.739990 9.222400
2013.750000 3.353600
2013.760010 4.192000
2013.770020 10.060800
2013.780029 12.576000
2013.790039 3.353600
2013.800049 5.030400
2013.810059 7.545600
2013.819946 15.091200
2013.829956 3.353600
2013.839966 5.030400
2013.849976 4.192000
2013.859985 18.444799
2013.869995 3.353600
2013.880005 3.353600
2013.890015 2.515200
2013.900024 18.444799
2013.910034 5.868800
2013.920044 2.515200
2013.930054 3.353600
2013.939941 15.091200
2013.949951 8.384000
2013.959961 3.353600
2013.969971 4.192000
2013.979980 11.737600
2013.989990 10.899200
2014.000000 4.192000
2014.010010 4.192000
2014.020020 9.222400
2014.030029 13.414400
2014.040039 3.353600
2014.050049 5.030400
2014.060059 6.707200
2014.069946 15.929600
2014.079956 3.353600
2014.089966 4.192000
2014.099976 4.192000
2014.109985 19.283199
2014.119995 3.353600
2014.130005 3.353600
2014.140015 2.515200
2014.150024 19.283199
2014.160034 5.030400
2014.170044 2.515200
2014.180054 3.353600
2014.189941 15.929600
2014.199951 7.545600
2014.209961 3.353600
2014.219971 4.192000
2014.229980 13.414400
2014.239990 10.060800
2014.250000 3.353600
2014.260010 4.192000
2014.270020 10.899200
2014.280029 11.737600
2014.290039 4.192000
2014.300049 4.192000
2014.310059 10.060800
2014.319946 12.576000
2014.329956 3.353600
2014.339966 5.030400
2014.349976 8.384000
2014.359985 14.252800
2014.369995 3.353600
2014.380005 5.030400
2014.390015 7.545600
2014.400024 15.091200
2014.410034 3.353600
2014.420044 5.030400
2014.430054 5.030400
2014.439941 17.606400
2014.449951 3.353600
2014.459961 4.192000
2014.469971 5.868800
2014.479980 17.606400
2014.489990 3.353600
2014.500000 4.192000
2014.510010 4.192000
2014.520020 19.283199
2014.530029 3.353600
2014.540039 3.353600
2014.550049 4.192000
2014.560059 18.444799
2014.569946 5.030400
2014.579956 3.353600
2014.589966 3.353600
2014.599976 18.444799
2014.609985 5.030400
2014.619995 3.353600
2014.630005 1.676800
2014.640015 18.444799
2014.650024 6.707200
2014.660034 2.515200
2014.670044 2.515200
2014.680054 17.606400
2014.689941 6.707200
2014.699951 3.353600
2014.709961 2.515200
2014.719971 14.252800
2014.729980 9.222400
2014.739990 3.353600
2014.750000 3.353600
2014.760010 10.899200
2014.770020 11.737600
2014.780029 3.353600
2014.790039 4.192000
2014.800049 7.545600
2014.810059 15.091200
2014.819946 3.353600
2014.829956 3.353600
2014.839966 5.030400
2014.849976 18.444799
2014.859985 2.515200
2014.869995 2.515200
2014.880005 2.515200
2014.890015 18.444799
2014.900024 5.030400
2014.910034 3.353600
2014.920044 3.353600
2014.930054 14.252800
2014.939941 9.222400
2014.949951 3.353600
2014.959961 3.353600
2014.969971 10.899200
2014.979980 11.737600
2014.989990 3.353600
2015.000000 4.192000
2015.010010 7.545600
2015.020020 14.252800
2015.030029 3.353600
2015.040039 4.192000
2015.050049 5.868800
2015.060059 15.929600
2015.069946 3.353600
2015.079956 3.353600
2015.089966 4.192000
2015.099976 17.606400
2015.109985 4.192000
2015.119995 2.515200
2015.130005 2.515200
2015.140015 17.606400
2015.150024 5.868800
2015.160034 3.353600
2015.170044 1.676800
2015.180054 15.929600
2015.189941 7.545600
2015.199951 3.353600
2015.209961 2.515200
2015.219971 13.414400
2015.229980 9.222400
2015.239990 3.353600
2015.250000 3.353600
2015.260010 11.737600
2015.270020 10.899200
2015.280029 3.353600
2015.290039 3.353600
2015.300049 10.060800
2015.310059 11.737600
2015.319946 4.192000
2015.329956 3.353600
2015.339966 9.222400
2015.349976 12.576000
2015.359985 3.353600
2015.369995 4.192000
2015.380005 8.384000
2015.390015 13.414400
2015.400024 3.353600
2015.410034 4.192000
2015.420044 7.545600
2015.430054 14.252800
2015.439941 3.353600
2015.449951 4.192000
2015.459961 6.707200
2015.469971 15.091200
2015.479980 3.353600
2015.489990 4.192000
2015.500000 5.868800
2015.510010 15.929600
2015.520020 3.353600
2015.530029 3.353600
2015.540039 5.868800
2015.550049 16.768000
2015.560059 3.353600
2015.569946 2.515200
2015.579956 5.030400
2015.589966 18.444799
2015.599976 3.353600
2015.609985 2.515200
2015.619995 5.030400
2015.630005 16.768000
2015.640015 5.030400
2015.650024 2.515200
2015.660034 4.192000
2015.670044 16.768000
2015.680054 5.030400
2015.689941 3.353600
2015.699951 2.515200
2015.709961 16.768000
2015.719971 6.707200
2015.729980 2.515200
2015.739990 3.353600
2015.750000 15.929600
2015.760010 7.545600
2015.770020 2.515200
2015.780029 2.515200
2015.790039 15.929600
2015.800049 8.384000
2015.810059 2.515200
2015.819946 2.515200
2015.829956 15.929600
2015.839966 7.545600
2015.849976 3.353600
2015.859985 2.515200
2015.869995 15.091200
2015.880005 7.545600
2015.890015 4.192000
2015.900024 2.515200
2015.910034 15.091200
2015.920044 7.545600
2015.930054 4.192000
2015.939941 2.515200
2015.949951 15.091200
2015.959961 7.545600
2015.969971 4.192000
2015.979980 2.515200
2015.989990 15.091200
2016.000000 7.545600
2016.010010 4.192000
2016.020020 2.515200
2016.030029 15.929600
2016.040039 6.707200
2016.050049 4.192000
2016.060059 2.515200
2016.069946 15.929600
2016.079956 7.545600
2016.089966 3.353600
2016.099976 2.515200
2016.109985 15.929600
2016.119995 7.545600
2016.130005 3.353600
2016.140015 2.515200
2016.150024 15.929600
2016.160034 6.707200
2016.170044 3.353600
2016.180054 3.353600
2016.189941 11.737600
2016.199951 10.899200
2016.209961 2.515200
2016.219971 4.192000
2016.229980 8.384000
2016.239990 13.414400
2016.250000 3.353600
2016.260010 3.353600
2016.270020 5.868800
2016.280029 16.768000
2016.290039 3.353600
2016.300049 1.676800
2016.310059 4.192000
2016.319946 15.929600
2016.329956 5.868800
2016.339966 2.515200
2016.349976 3.353600
2016.359985 14.252800
2016.369995 8.384000
2016.380005 3.353600
2016.390015 3.353600
2016.400024 10.899200
2016.410034 11.737600
2016.420044 2.515200
2016.430054 4.192000
2016.439941 7.545600
2016.449951 14.252800
2016.459961 3.353600
2016.469971 1.676800
2016.479980 3.353600
2016.489990 17.606400
2016.500000 5.868800
2016.510010 1.676800
2016.520020 3.353600
2016.530029 10.899200
2016.540039 11.737600
2016.550049 2.515200
2016.560059 4.192000
2016.569946 4.192000
2016.579956 17.606400
2016.589966 3.353600
2016.599976 1.676800
2016.609985 2.515200
2016.619995 15.091200
2016.630005 7.545600
2016.640015 3.353600
2016.650024 3.353600
2016.660034 9.222400
2016.670044 12.576000
2016.680054 3.353600
2016.689941 4.192000
2016.699951 5.030400
2016.709961 15.929600
2016.719971 3.353600
2016.729980 2.515200
2016.739990 3.353600
2016.750000 13.414400
2016.760010 7.545600
2016.770020 3.353600
2016.780029 3.353600
2016.790039 10.060800
2016.800049 11.737600
2016.810059 2.515200
2016.819946 4.192000
2016.829956 6.707200
2016.839966 14.252800
2016.849976 3.353600
2016.859985 2.515200
2016.869995 5.868800
2016.880005 14.252800
2016.890015 5.030400
2016.900024 1.676800
2016.910034 3.353600
2016.920044 15.091200
2016.930054 6.707200
2016.939941 3.353600
2016.949951 3.353600
2016.959961 10.060800
2016.969971 11.737600
2016.979980 2.515200
2016.989990 4.192000
2017.000000 6.707200
2017.010010 14.252800
2017.020020 3.353600
2017.030029 2.515200
2017.040039 5.030400
2017.050049 16.768000
2017.060059 3.353600
2017.069946 1.676800
2017.079956 3.353600
2017.089966 15.091200
2017.099976 6.707200
2017.109985 3.353600
2017.119995 3.353600
2017.130005 10.899200
2017.140015 10.899200
2017.150024 2.515200
2017.160034 4.192000
2017.170044 6.707200
2017.180054 14.252800
2017.189941 3.353600
2017.199951 3.353600
2017.209961 5.030400
2017.219971 16.768000
2017.229980 3.353600
2017.239990 2.515200
2017.250000 2.515200
2017.260010 15.929600
2017.270020 6.707200
2017.280029 2.515200
2017.290039 2.515200
2017.300049 13.414400
2017.310059 8.384000
2017.319946 3.353600
2017.329956 3.353600
2017.339966 10.899200
2017.349976 10.899200
2017.359985 3.353600
2017.369995 3.353600
2017.380005 8.384000
2017.390015 12.576000
2017.400024 3.353600
2017.410034 4.192000
2017.420044 5.868800
2017.430054 15.091200
2017.439941 3.353600
2017.449951 3.353600
2017.459961 5.030400
2017.469971 15.929600
2017.479980 3.353600
2017.489990 3.353600
2017.500000 5.030400
2017.510010 14.252800
2017.520020 5.868800
2017.530029 2.515200
2017.540039 2.515200
2017.550049 15.091200
2017.560059 6.707200
2017.569946 3.353600
2017.579956 3.353600
2017.589966 12.576000
2017.599976 9.222400
2017.609985 3.353600
2017.619995 3.353600
2017.630005 10.899200
2017.640015 10.899200
2017.650024 2.515200
2017.660034 4.192000
2017.670044 8.384000
2017.680054 12.576000
2017.689941 3.353600
2017.699951 4.192000
2017.709961 6.707200
2017.719971 14.252800
2017.729980 3.353600
2017.739990 3.353600
2017.750000 5.030400
2017.760010 16.768000
2017.770020 3.353600
2017.780029 2.515200
2017.790039 5.030400
2017.800049 15.929600
2017.810059 4.192000
2017.819946 2.515200
2017.829956 3.353600
2017.839966 15.929600
2017.849976 6.707200
2017.859985 2.515200
2017.869995 2.515200
2017.880005 15.091200
2017.890015 7.545600
2017.900024 2.515200
2017.910034 3.353600
2017.920044 12.576000
2017.930054 9.222400
2017.939941 3.353600
2017.949951 3.353600
2017.959961 11.737600
2017.969971 10.060800
2017.979980 3.353600
2017.989990 3.353600
2018.000000 10.060800
2018.010010 11.737600
2018.020020 2.515200
2018.030029 4.192000
2018.040039 9.222400
2018.050049 12.576000
2018.060059 2.515200
2018.069946 4.192000
2018.079956 7.545600
2018.089966 13.414400
2018.099976 3.353600
2018.109985 4.192000
2018.119995 5.868800
2018.130005 15.091200
2018.140015 3.353600
2018.150024 2.515200
2018.160034 5.868800
2018.170044 13.414400
2018.180054 5.030400
2018.189941 2.515200
2018.199951 4.192000
2018.209961 14.252800
2018.219971 5.868800
2018.229980 3.353600
2018.239990 2.515200
2018.250000 13.414400
2018.260010 8.384000
2018.270020 2.515200
2018.280029 3.353600
2018.290039 11.737600
2018.300049 10.060800
2018.310059 2.515200
2018.319946 3.353600
2018.329956 10.899200
2018.339966 10.899200
2018.349976 1.676800
2018.359985 4.192000
2018.369995 8.384000
2018.380005 12.576000
2018.390015 2.515200
2018.400024 4.192000
2018.410034 7.545600
2018.420044 13.414400
2018.430054 2.515200
2018.439941 3.353600
2018.449951 5.868800
2018.459961 15.929600
2018.469971 2.515200
2018.479980 2.515200
2018.489990 5.868800
2018.500000 15.091200
2018.510010 3.353600
2018.520020 3.353600
2018.530029 5.030400
2018.540039 14.252800
2018.550049 5.030400
2018.560059 2.515200
2018.569946 3.353600
2018.579956 15.091200
2018.589966 6.707200
2018.599976 2.515200
2018.609985 2.515200
2018.619995 14.252800
2018.630005 7.545600
2018.640015 2.515200
2018.650024 3.353600
2018.660034 12.576000
2018.670044 9.222400
2018.680054 2.515200
2018.689941 3.353600
2018.699951 11.737600
2018.709961 10.060800
2018.719971 2.515200
2018.729980 3.353600
2018.739990 10.899200
2018.750000 10.899200
2018.760010 2.515200
2018.770020 3.353600
2018.780029 10.899200
2018.790039 10.899200
2018.800049 1.676800
2018.810059 4.192000
2018.819946 10.060800
2018.829956 11.737600
2018.839966 1.676800
2018.849976 4.192000
2018.859985 9.222400
2018.869995 12.576000
2018.880005 1.676800
2018.890015 4.192000
2018.900024 8.384000
2018.910034 11.737600
2018.920044 2.515200
2018.930054 4.192000
2018.939941 8.384000
2018.949951 11.737600
2018.959961 2.515200
2018.969971 4.192000
2018.979980 8.384000
2018.989990 11.737600
2019.000000 2.515200
2019.010010 4.192000
2019.020020 7.545600
2019.030029 12.576000
2019.040039 2.515200
2019.050049 4.192000
2019.060059 7.545600
2019.069946 12.576000
2019.079956 2.515200
2019.089966 4.192000
2019.099976 6.707200
2019.109985 13.414400
2019.119995 2.515200
2019.130005 4.192000
2019.140015 6.707200
2019.150024 13.414400
2019.160034 2.515200
2019.170044 4.192000
2019.180054 6.707200
2019.189941 13.414400
2019.199951 2.515200
2019.209961 4.192000
2019.219971 6.707200
2019.229980 13.414400
2019.239990 2.515200
2019.250000 4.192000
2019.260010 5.868800
2019.270020 13.414400
2019.280029 2.515200
2019.290039 4.192000
2019.300049 5.868800
2019.310059 13.414400
2019.319946 2.515200
2019.329956 4.192000
2019.339966 5.868800
2019.349976 13.414400
2019.359985 2.515200
2019.369995 4.192000
2019.380005 5.868800
2019.390015 13.414400
2019.400024 2.515200
2019.410034 4.192000
2019.420044 6.707200
2019.430054 12.576000
2019.439941 2.515200
2019.449951 4.192000
2019.459961 6.707200
2019.469971 12.576000
2019.479980 2.515200
2019.489990 4.192000
2019.500000 7.545600
2019.510010 11.737600
2019.520020 2.515200
2019.530029 4.192000
2019.540039 7.545600
2019.550049 11.737600
2019.560059 2.515200
2019.569946 4.192000
2019.579956 7.545600
2019.589966 11.737600
2019.599976 2.515200
2019.609985 4.192000
2019.619995 8.384000
2019.630005 11.737600
2019.640015 1.676800
2019.650024 4.192000
2019.660034 9.222400
2019.670044 10.899200
2019.680054 1.676800
2019.689941 4.192000
2019.699951 10.060800
2019.709961 10.060800
2019.719971 2.515200
2019.729980 3.353600
2019.739990 10.060800
2019.750000 10.060800
2019.760010 2.515200
2019.770020 3.353600
2019.780029 10.899200
2019.790039 9.222400
2019.800049 2.515200
2019.810059 3.353600
2019.819946 10.899200
2019.829956 9.222400
2019.839966 2.515200
2019.849976 3.353600
2019.859985 11.737600
2019.869995 8.384000
2019.880005 2.515200
2019.890015 3.353600
2019.900024 13.414400
2019.910034 7.545600
2019.920044 2.515200
2019.930054 2.515200
2019.939941 14.252800
2019.949951 6.707200
2019.959961 2.515200
2019.969971 4.192000
2019.979980 14.252800
2019.989990 5.030400
2020.000000 3.353600
2020.010010 4.192000
2020.020020 15.091200
2020.030029 4.192000
2020.040039 2.515200
2020.050049 5.868800
2020.060059 13.414400
2020.069946 3.353600
2020.079956 3.353600
2020.089966 5.868800
2020.099976 13.414400
2020.109985 2.515200
2020.119995 4.192000
2020.130005 5.868800
2020.140015 12.576000
2020.150024 2.515200
2020.160034 4.192000
2020.170044 6.707200
2020.180054 11.737600
2020.189941 2.515200
2020.199951 4.192000
2020.209961 8.384000
2020.219971 10.899200
2020.229980 2.515200
2020.239990 3.353600
2020.250000 10.060800
2020.260010 9.222400
2020.270020 2.515200
2020.280029 3.353600
2020.290039 10.899200
2020.300049 8.384000
2020.310059 2.515200
2020.319946 3.353600
2020.329956 12.576000
2020.339966 7.545600
2020.349976 2.515200
2020.359985 2.515200
2020.369995 10.899200
2020.380005 8.384000
2020.390015 2.515200
2020.400024 3.353600
2020.410034 10.060800
2020.420044 9.222400
2020.430054 2.515200
2020.439941 3.353600
2020.449951 7.545600
2020.459961 10.899200
2020.469971 2.515200
2020.479980 4.192000
2020.489990 6.707200
2020.500000 10.899200
2020.510010 3.353600
2020.520020 2.515200
2020.530029 5.030400
2020.540039 9.222400
2020.550049 6.707200
2020.560059 2.515200
2020.569946 3.353600
2020.579956 9.222400
2020.589966 9.222400
2020.599976 2.515200
2020.609985 4.192000
2020.619995 5.868800
2020.630005 10.899200
2020.640015 3.353600
2020.650024 3.353600
2020.660034 3.353600
2020.670044 10.060800
2020.680054 7.545600
2020.689941 2.515200
2020.699951 3.353600
2020.709961 8.384000
2020.719971 10.060800
2020.729980 2.515200
2020.739990 4.192000
2020.750000 5.868800
2020.760010 10.899200
2020.770020 4.192000
2020.780029 2.515200
2020.790039 4.192000
2020.800049 10.060800
2020.810059 6.707200
2020.819946 3.353600
2020.829956 2.515200
2020.839966 10.060800
2020.849976 9.222400
2020.859985 2.515200
2020.869995 3.353600
2020.880005 6.707200
2020.890015 11.737600
2020.900024 2.515200
2020.910034 4.192000
2020.920044 4.192000
2020.930054 10.060800
2020.939941 5.868800
2020.949951 3.353600
2020.959961 2.515200
2020.969971 10.060800
2020.979980 8.384000
2020.989990 2.515200
2021.000000 3.353600
2021.010010 9.222400
2021.020020 10.060800
2021.030029 1.676800
2021.040039 4.192000
2021.050049 6.707200
2021.060059 11.737600
2021.069946 2.515200
2021.079956 4.192000
2021.089966 4.192000
2021.099976 10.899200
2021.109985 5.030400
2021.119995 3.353600
2021.130005 4.192000
2021.140015 9.222400
2021.150024 7.545600
2021.160034 2.515200
2021.170044 3.353600
2021.180054 10.060800
2021.189941 9.222400
2021.199951 2.515200
2021.209961 3.353600
2021.219971 7.545600
2021.229980 10.899200
2021.239990 2.515200
2021.250000 4.192000
2021.260010 6.707200
2021.270020 10.899200
2021.280029 3.353600
2021.290039 3.353600
2021.300049 5.030400
2021.310059 10.899200
2021.319946 5.030400
2021.329956 2.515200
2021.339966 4.192000
2021.349976 10.899200
2021.359985 6.707200
2021.369995 2.515200
2021.380005 3.353600
2021.390015 10.060800
2021.400024 8.384000
2021.410034 2.515200
2021.420044 3.353600
2021.430054 8.384000
2021.439941 10.060800
2021.449951 2.515200
2021.459961 3.353600
2021.469971 6.707200
2021.479980 10.899200
2021.489990 2.515200
2021.500000 4.192000
2021.510010 6.707200
2021.520020 10.899200
2021.530029 2.515200
2021.540039 4.192000
2021.550049 5.030400
2021.560059 10.899200
2021.569946 4.192000
2021.579956 3.353600
2021.589966 5.030400
2021.599976 10.060800
2021.609985 5.868800
2021.619995 2.515200
2021.630005 5.030400
2021.640015 9.222400
2021.650024 6.707200
2021.660034 3.353600
2021.670044 3.353600
2021.680054 10.060800
2021.689941 6.707200
2021.699951 3.353600
2021.709961 3.353600
2021.719971 9.222400
2021.729980 8.384000
2021.739990 2.515200
2021.750000 3.353600
2021.760010 9.222400
2021.770020 9.222400
2021.780029 2.515200
2021.790039 3.353600
2021.800049 9.222400
2021.810059 8.384000
2021.819946 2.515200
2021.829956 3.353600
2021.839966 8.384000
2021.849976 8.384000
2021.859985 3.353600
2021.869995 3.353600
2021.880005 7.545600
2021.890015 9.222400
2021.900024 2.515200
2021.910034 4.192000
2021.920044 6.707200
2021.930054 10.060800
2021.939941 2.515200
2021.949951 4.192000
2021.959961 4.192000
2021.969971 10.899200
2021.979980 4.192000
2021.989990 3.353600
2022.000000 1.676800
2022.010010 10.060800
2022.020020 6.707200
2022.030029 3.353600
2022.040039 2.515200
2022.050049 8.384000
2022.060059 9.222400
2022.069946 2.515200
2022.079956 3.353600
2022.089966 6.707200
2022.099976 10.060800
2022.109985 2.515200
2022.119995 4.192000
2022.130005 5.030400
2022.140015 8.384000
2022.150024 5.030400
2022.160034 3.353600
2022.170044 4.192000
2022.180054 8.384000
2022.189941 6.707200
2022.199951 2.515200
2022.209961 3.353600
2022.219971 9.222400
2022.229980 8.384000
2022.239990 2.515200
2022.250000 3.353600
2022.260010 6.707200
2022.270020 10.060800
2022.280029 2.515200
2022.290039 4.192000
2022.300049 5.868800
2022.310059 10.060800
2022.319946 3.353600
2022.329956 3.353600
2022.339966 5.030400
2022.349976 9.222400
2022.359985 5.030400
2022.369995 2.515200
2022.380005 3.353600
2022.390015 10.060800
2022.400024 6.707200
2022.410034 2.515200
2022.420044 3.353600
2022.430054 9.222400
2022.439941 8.384000
2022.449951 2.515200
2022.459961 3.353600
2022.469971 7.545600
2022.479980 9.222400
2022.489990 2.515200
2022.500000 4.192000
2022.510010 6.707200
2022.520020 10.060800
2022.530029 2.515200
2022.540039 4.192000
2022.550049 4.192000
2022.560059 11.737600
2022.569946 3.353600
2022.579956 2.515200
2022.589966 4.192000
2022.599976 10.060800
2022.609985 5.868800
2022.619995 2.515200
2022.630005 3.353600
2022.640015 10.060800
2022.650024 6.707200
2022.660034 3.353600
2022.670044 2.515200
2022.680054 9.222400
2022.689941 8.384000
2022.699951 2.515200
2022.709961 3.353600
2022.719971 8.384000
2022.729980 9.222400
2022.739990 2.515200
2022.750000 3.353600
2022.760010 6.707200
2022.770020 10.060800
2022.780029 3.353600
2022.790039 3.353600
2022.800049 6.707200
2022.810059 10.060800
2022.819946 2.515200
2022.829956 4.192000
2022.839966 5.868800
2022.849976 10.899200
2022.859985 2.515200
2022.869995 4.192000
2022.880005 4.192000
2022.890015 10.060800
2022.900024 5.030400
2022.910034 3.353600
2022.920044 4.192000
2022.930054 9.222400
2022.939941 5.868800
2022.949951 3.353600
2022.959961 3.353600
2022.969971 10.060800
2022.979980 5.868800
2022.989990 3.353600
2023.000000 3.353600
2023.010010 10.060800
2023.020020 6.707200
2023.030029 2.515200
2023.040039 3.353600
2023.050049 10.060800
2023.060059 7.545600
2023.069946 2.515200
2023.079956 3.353600
2023.089966 9.222400
2023.099976 8.384000
2023.109985 2.515200
2023.119995 3.353600
2023.130005 9.222400
2023.140015 8.384000
2023.150024 2.515200
2023.160034 3.353600
2023.170044 7.545600
2023.180054 10.060800
2023.189941 2.515200
2023.199951 3.353600
2023.209961 6.707200
2023.219971 10.060800
2023.229980 2.515200
2023.239990 4.192000
2023.250000 6.707200
2023.260010 10.060800
2023.270020 2.515200
2023.280029 4.192000
2023.290039 6.707200
2023.300049 10.060800
2023.310059 2.515200
2023.319946 4.192000
2023.329956 4.192000
2023.339966 9.222400
2023.349976 5.868800
2023.359985 2.515200
2023.369995 2.515200
2023.380005 9.222400
2023.390015 7.545600
2023.400024 2.515200
2023.410034 3.353600
2023.420044 6.707200
2023.430054 10.060800
2023.439941 3.353600
2023.449951 3.353600
2023.459961 4.192000
2023.469971 12.576000
2023.479980 2.515200
2023.489990 4.192000
2023.500000 2.515200
2023.510010 8.384000
2023.520020 7.545600
2023.530029 3.353600
2023.540039 1.676800
2023.550049 8.384000
2023.560059 9.222400
2023.569946 3.353600
2023.579956 1.676800
2023.589966 9.222400
2023.599976 8.384000
2023.609985 3.353600
2023.619995 1.676800
2023.630005 10.060800
2023.640015 7.545600
2023.650024 3.353600
2023.660034 1.676800
2023.670044 10.060800
2023.680054 7.545600
2023.689941 3.353600
2023.699951 1.676800
2023.709961 10.899200
2023.719971 6.707200
2023.729980 3.353600
2023.739990 2.515200
2023.750000 10.060800
2023.760010 6.707200
2023.770020 4.192000
2023.780029 1.676800
2023.790039 10.899200
2023.800049 5.868800
2023.810059 4.192000
2023.819946 2.515200
2023.829956 10.060800
2023.839966 5.868800
2023.849976 4.192000
2023.859985 2.515200
2023.869995 10.899200
2023.880005 5.030400
2023.890015 4.192000
2023.900024 2.515200
2023.910034 11.737600
2023.920044 4.192000
2023.930054 4.192000
2023.939941 3.353600
2023.949951 10.899200
2023.959961 4.192000
2023.969971 4.192000
2023.979980 3.353600
2023.989990 11.737600
2024.000000 3.353600
2024.010010 4.192000
2024.020020 3.353600
2024.030029 11.737600
2024.040039 3.353600
2024.050049 4.192000
2024.060059 4.192000
2024.069946 11.737600
2024.079956 3.353600
2024.089966 3.353600
2024.099976 4.192000
2024.109985 11.737600
2024.119995 3.353600
2024.130005 3.353600
2024.140015 4.192000
2024.150024 11.737600
2024.160034 3.353600
2024.170044 3.353600
2024.180054 4.192000
2024.189941 12.576000
2024.199951 2.515200
2024.209961 3.353600
2024.219971 5.868800
2024.229980 10.899200
2024.239990 3.353600
2024.250000 2.515200
2024.260010 10.899200
2024.270020 7.545600
2024.280029 4.192000
2024.290039 4.192000
2024.300049 12.576000
2024.310059 3.353600
2024.319946 2.515200
2024.329956 11.737600
2024.339966 6.707200
2024.349976 4.192000
2024.359985 4.192000
2024.369995 12.576000
2024.380005 3.353600
2024.390015 2.515200
2024.400024 13.414400
2024.410034 5.030400
2024.420044 4.192000
2024.430054 5.030400
2024.439941 11.737600
2024.449951 3.353600
2024.459961 3.353600
2024.469971 13.414400
2024.479980 4.192000
2024.489990 4.192000
2024.500000 5.868800
2024.510010 11.737600
2024.520020 3.353600
2024.530029 2.515200
2024.540039 14.252800
2024.550049 4.192000
2024.560059 3.353600
2024.569946 6.707200
2024.579956 10.899200
2024.589966 4.192000
2024.599976 2.515200
2024.609985 13.414400
2024.619995 4.192000
2024.630005 3.353600
2024.640015 5.030400
2024.650024 12.576000
2024.660034 3.353600
2024.670044 2.515200
2024.680054 10.899200
2024.689941 6.707200
2024.699951 4.192000
2024.709961 4.192000
2024.719971 12.576000
2024.729980 3.353600
2024.739990 2.515200
2024.750000 7.545600
2024.760010 10.899200
2024.770020 3.353600
2024.780029 1.676800
2024.790039 6.707200
2024.800049 10.060800
2024.810059 2.515200
2024.819946 2.515200
2024.829956 4.192000
2024.839966 12.576000
2024.849976 2.515200
2024.859985 3.353600
2024.869995 1.676800
2024.880005 10.060800
2024.890015 5.868800
2024.900024 1.676800
2024.910034 3.353600
2024.920044 3.353600
2024.930054 12.576000
2024.939941 2.515200
2024.949951 1.676800
2024.959961 2.515200
2024.969971 4.192000
2024.979980 12.576000
2024.989990 1.676800
2025.000000 2.515200
2025.010010 2.515200
2025.020020 8.384000
2025.030029 8.384000
2025.040039 1.676800
2025.050049 3.353600
2025.060059 3.353600
2025.069946 11.737600
2025.079956 3.353600
2025.089966 0.838400
2025.099976 3.353600
2025.109985 4.192000
2025.119995 12.576000
2025.130005 1.676800
2025.140015 2.515200
2025.150024 2.515200
2025.160034 9.222400
2025.170044 7.545600
2025.180054 1.676800
2025.189941 3.353600
2025.199951 3.353600
2025.209961 12.576000
2025.219971 2.515200
2025.229980 1.676800
2025.239990 2.515200
2025.250000 5.868800
2025.260010 10.899200
2025.270020 0.838400
2025.280029 3.353600
2025.290039 2.515200
2025.300049 10.899200
2025.310059 5.030400
2025.319946 0.838400
2025.329956 3.353600
2025.339966 4.192000
2025.349976 11.737600
2025.359985 1.676800
2025.369995 2.515200
2025.380005 2.515200
2025.390015 10.060800
2025.400024 6.707200
2025.410034 0.838400
2025.420044 3.353600
2025.430054 4.192000
2025.439941 11.737600
2025.449951 1.676800
2025.459961 3.353600
2025.469971 1.676800
2025.479980 10.060800
2025.489990 6.707200
2025.500000 1.676800
2025.510010 2.515200
2025.520020 5.868800
2025.530029 10.899200
2025.540039 1.676800
2025.550049 3.353600
2025.560059 4.192000
2025.569946 11.737600
2025.579956 2.515200
2025.589966 3.353600
2025.599976 4.192000
2025.609985 11.737600
2025.619995 1.676800
2025.630005 4.192000
2025.640015 3.353600
2025.650024 11.737600
2025.660034 2.515200
2025.670044 4.192000
2025.680054 2.515200
2025.689941 10.899200
2025.699951 4.192000
2025.709961 4.192000
2025.719971 2.515200
2025.729980 10.060800
2025.739990 5.030400
2025.750000 2.515200
2025.760010 2.515200
2025.770020 10.060800
2025.780029 6.707200
2025.790039 2.515200
2025.800049 2.515200
2025.810059 9.222400
2025.819946 7.545600
2025.829956 1.676800
2025.839966 2.515200
2025.849976 1.888000
